[0][0.0,40b5abda7ba5f5c191c7fe621c6e85b1,None,None,0,8.00,1.00]
[1][1.0,e123755010df6104e367f26122c1b1f9,0,(0, 5, 2),1,7.00,0.50]
[11][2.0,c8511747e999980b1ef708575cc3d61b,1,(0, 6, 1),2,6.00,0.33]
[19][3.0,09d8d550097afa1a1d428f81d2e8fef7,11,(2, 6, 2),3,5.00,0.25]
[21][4.0,4f83d5eead3bda3bf9cff896e2bfa25c,19,(0, 2, 1),4,5.00,0.20]
[24][5.0,a1d28182d63d3bcea3d5cefecf8b992e,21,(1, 0, 3),5,4.00,0.17]
[31][6.0,783ac90c44dc0e2914d1879e00c1d557,24,(1, 6, 1),6,4.00,0.14]
[34][7.0,9f576915a2a4cae6dc64c30952dd8197,31,(0, 1, 3),7,4.00,0.12]
[42][8.0,61415e160584c6f99b273692795c8970,34,(2, 0, 2),8,3.00,0.11]
[48][9.0,3c6874f854eba82950ad015160ed429f,42,(3, 5, 2),9,2.00,0.10]
[50][10.0,23da2ddc308d2de468d232ac686e772c,48,(3, 1, 1),10,1.00,0.09]
[52][11.0,7b3ae6a4f4173eeb23478128f0a7c8b3,50,(2, 3, 1),11,1.00,0.08]
[56][12.0,21d6196ac28ae6590033193432100589,52,(0, 2, 2),12,1.00,0.08]
[63][13.0,2c92cc3a35991a807d1b10cde0f53805,56,(1, 0, 4),13,1.00,0.07]
[71][14.0,de5e7904b93b746263fc7442bffb1018,63,(2, 1, 2),14,1.00,0.07]
[77][15.0,41d82945ea2d9a5bbb4b717cc8084216,71,(0, 2, 4),15,1.00,0.06]
[84][16.0,c81369807b6f3de184eb8493c7f5d904,77,(1, 0, 2),16,1.00,0.06]
[93][17.0,6099a690d6702e72d2d7b1cd88c3e970,84,(3, 1, 2),17,1.00,0.06]
[98][18.0,55f1887097e2506914e0b1ba9f8f39eb,93,(0, 3, 2),18,1.00,0.05]
[105][19.0,2ca9fd55211ee2fb7a8fcc703b141628,98,(1, 0, 2),19,1.00,0.05]
[113][20.0,3084fb09afcb40b8d4ad17e8ef1580f7,105,(2, 1, 4),20,1.00,0.05]
[119][21.0,08509d46dfcf5ccfb6bac84759930335,113,(0, 2, 2),21,1.00,0.05]
[126][22.0,e82e66fb89e6ba620bdcb1338ab05bbf,119,(1, 0, 4),22,1.00,0.04]
[134][23.0,a670ec8e6243b86fa7dea760b039609b,126,(2, 1, 2),23,1.00,0.04]
[142][24.0,c7a9bcc288196715246eb8c497770c68,134,(3, 2, 2),24,1.00,0.04]
[147][25.0,7a42ce7436787e8e965b7898b409777f,142,(0, 3, 4),25,1.00,0.04]
[154][26.0,469fe77210e5025a5964e974d574931c,147,(1, 0, 2),26,1.00,0.04]
[162][27.0,0b90a3c517ec670e3558d73a7ab10e55,154,(2, 1, 2),27,1.00,0.04]
[168][28.0,e7a08538c9fa0bd582669f6ae8e319b4,162,(0, 2, 2),28,1.00,0.03]
[175][29.0,fd0fa70cfe1478909e30416ab9b8451b,168,(1, 0, 2),29,1.00,0.03]
[183][30.0,ad6f00172d25fde0c12302bb3b00f602,175,(2, 1, 2),30,1.00,0.03]
[192][31.0,384b6e68b5053ab6e297aaf170eeeeb3,183,(4, 1, 2),31,0.00,0.03]
[196][32.0,4bb9e1416e183f95607ca194f1b57444,192,(0, 2, 2),32,0.00,0.03]
[204][33.0,9546f859420eb1100810d261fb89d02f,196,(1, 0, 4),33,0.00,0.03]
[213][34.0,a738f076accc451ba5c69d0f1d1b4583,204,(2, 1, 2),34,0.00,0.03]
[220][35.0,15bf02c9c54881b79be804d4fee74f32,213,(0, 2, 4),35,0.00,0.03]
[228][36.0,d0e25e16f04a8747fd26446c7bf4b239,220,(1, 0, 2),36,0.00,0.03]
[237][37.0,494fba77d1fd58aeb2b69467af0aceab,228,(0, 4, 2),37,0.00,0.03]
