[0][0.0,40b5abda7ba5f5c191c7fe621c6e85b1,None,None,0,8.00,0.00]
[1][1.0,e123755010df6104e367f26122c1b1f9,0,(0, 5, 2),1,7.00,1.00]
[12][2.0,1771c37572ca1e241aa21f076fc6f51e,1,(1, 6, 3),2,6.00,2.00]
[81][3.0,a217548173e6c437a782a6a83ce5ab34,12,(0, 1, 1),3,5.00,3.00]
[204][4.0,e2f4017a60de1def4a2be648aebdaf4e,81,(2, 1, 2),4,4.00,4.00]
[403][5.0,7bb8b47111123d03c5fbc078bed2913e,204,(0, 2, 1),5,4.00,5.00]
[770][6.0,4c353ea4c178aa8e549e99ec5cbeb841,403,(3, 5, 2),6,3.00,6.00]
[1455][7.0,4b95af3057fa60d8fd426da111814ce9,770,(3, 6, 1),7,2.00,7.00]
[2677][8.0,8adba6e6b3195af40a6e2ef246837594,1455,(4, 3, 2),8,1.00,8.00]
[4941][9.0,ff0542ab1caad893e6ddb728d2c37452,2677,(2, 4, 2),9,0.00,9.00]
[9411][10.0,c449db352b22540f4e00d0a4f525191c,4941,(2, 3, 1),10,0.00,10.00]
